	flipping_False_Negative	flipping_False_Positive	flipping_NA_to_0	flipping_NA_to_1
chr1_39034563_T_A	26	1	103	22
chr10_78040695_T_C	48	0	108	17
chr19_39433213_A_G	66	0	125	16
chr11_65426524_T_C	74	2	143	18
chr19_35487721_G_A	7	0	52	1
chr13_20222055_G_A	11	0	190	2
chr3_48444164_C_T	0	0	228	0
chr1_86862957_G_A	0	0	286	0
chr17_49861923_C_T	3	1	292	9
chr7_35905215_C_T	0	0	205	0
chr22_22901226_C_G	8	0	155	1
chr14_106276537_C_G	9	0	289	3
chr22_22901149_T_G	7	0	250	0
chr22_22906554_C_T	0	0	287	0
chr22_22895504_C_A	0	0	318	0
chrM_14523_T_C	2	0	190	0
chr13_94437452_G_A	0	0	292	0
